 IJ      CONS     HOURS  EARNINGS    INCOME      PENS    ASSETS     CV(C)     CV(L)     CV(Y)     VALUE     IAMAX
  1     0.376     0.335     0.376     0.376     0.000     0.000     0.456     0.000     0.456   -54.125         0
  2     0.407     0.336     0.410     0.410     0.000     0.000     0.487     0.012     0.504   -53.314         0
  3     0.438     0.337     0.445     0.445     0.000     0.002     0.512     0.025     0.557   -52.531       112
  4     0.465     0.341     0.488     0.489     0.000     0.010     0.531     0.038     0.609   -51.769       128
  5     0.487     0.352     0.540     0.541     0.000     0.033     0.551     0.044     0.648   -51.016       137
  6     0.508     0.362     0.594     0.598     0.000     0.088     0.572     0.051     0.679   -50.255       144
  7     0.530     0.372     0.649     0.656     0.000     0.177     0.592     0.058     0.707   -49.477       150
  8     0.551     0.380     0.705     0.717     0.000     0.304     0.610     0.063     0.731   -48.685       155
  9     0.573     0.389     0.762     0.780     0.000     0.469     0.629     0.065     0.753   -47.879       159
 10     0.595     0.397     0.819     0.846     0.000     0.677     0.647     0.065     0.772   -47.061       163
 11     0.617     0.404     0.877     0.914     0.000     0.927     0.664     0.065     0.791   -46.227       167
 12     0.635     0.401     0.893     0.942     0.000     1.224     0.680     0.068     0.811   -45.379       169
 13     0.651     0.397     0.904     0.966     0.000     1.531     0.696     0.071     0.830   -44.532       172
 14     0.670     0.395     0.924     0.998     0.000     1.846     0.711     0.074     0.848   -43.687       175
 15     0.687     0.392     0.940     1.027     0.000     2.174     0.725     0.078     0.865   -42.840       177
 16     0.705     0.389     0.955     1.055     0.000     2.513     0.738     0.083     0.882   -41.991       179
 17     0.724     0.386     0.970     1.084     0.000     2.863     0.751     0.088     0.898   -41.143       181
 18     0.742     0.383     0.984     1.113     0.000     3.224     0.763     0.094     0.914   -40.296       182
 19     0.760     0.380     0.999     1.143     0.000     3.596     0.774     0.100     0.928   -39.450       184
 20     0.778     0.377     1.014     1.173     0.000     3.979     0.785     0.106     0.943   -38.603       186
 21     0.797     0.374     1.029     1.204     0.000     4.374     0.796     0.114     0.957   -37.757       187
 22     0.812     0.366     1.016     1.208     0.000     4.781     0.805     0.125     0.974   -36.909       188
 23     0.827     0.358     1.004     1.211     0.000     5.176     0.815     0.136     0.990   -36.068       189
 24     0.842     0.350     0.992     1.214     0.000     5.561     0.823     0.149     1.007   -35.236       190
 25     0.856     0.342     0.980     1.217     0.000     5.933     0.832     0.163     1.023   -34.410       191
 26     0.871     0.334     0.968     1.219     0.000     6.294     0.840     0.178     1.040   -33.593       192
 27     0.885     0.326     0.956     1.221     0.000     6.643     0.847     0.193     1.056   -32.782       193
 28     0.899     0.319     0.944     1.223     0.000     6.979     0.854     0.209     1.073   -31.982       194
 29     0.912     0.311     0.932     1.224     0.000     7.304     0.861     0.226     1.091   -31.186       194
 30     0.926     0.304     0.921     1.225     0.000     7.616     0.867     0.243     1.108   -30.396       195
 31     0.939     0.297     0.910     1.226     0.000     7.915     0.872     0.262     1.126   -29.614       196
 32     0.951     0.288     0.889     1.217     0.000     8.202     0.878     0.282     1.147   -28.836       196
 33     0.962     0.279     0.868     1.207     0.000     8.468     0.883     0.305     1.168   -28.063       197
 34     0.973     0.271     0.849     1.198     0.000     8.713     0.887     0.329     1.190   -27.300       197
 35     0.983     0.262     0.830     1.188     0.000     8.937     0.891     0.354     1.214   -26.541       198
 36     0.993     0.254     0.812     1.178     0.000     9.142     0.894     0.382     1.239   -25.786       198
 37     1.003     0.247     0.795     1.168     0.000     9.326     0.897     0.408     1.264   -25.034       198
 38     1.012     0.240     0.780     1.160     0.000     9.492     0.900     0.437     1.292   -24.288       198
 39     1.020     0.233     0.766     1.152     0.000     9.640     0.901     0.465     1.320   -23.544       198
 40     1.028     0.227     0.755     1.145     0.000     9.771     0.903     0.494     1.350   -22.803       198
 41     1.035     0.222     0.745     1.141     0.000     9.889     0.903     0.522     1.382   -22.062       198
 42     1.032     0.204     0.678     1.078     0.000     9.994     0.903     0.579     1.446   -21.318       198
 43     1.028     0.186     0.616     1.017     0.000    10.040     0.901     0.644     1.522   -20.583       198
 44     1.023     0.169     0.557     0.958     0.000    10.029     0.898     0.718     1.615   -19.862       198
 45     0.933     0.000     0.000     0.399     0.291     9.964     0.859     0.000     0.000   -19.159       198
 46     0.939     0.000     0.000     0.389     0.291     9.720     0.860     0.000     0.000   -18.592       198
 47     0.944     0.000     0.000     0.378     0.291     9.461     0.860     0.000     0.000   -18.037       197
 48     0.948     0.000     0.000     0.367     0.291     9.186     0.861     0.000     0.000   -17.484       197
 49     0.951     0.000     0.000     0.356     0.291     8.897     0.862     0.000     0.000   -16.939       197
 50     0.953     0.000     0.000     0.344     0.291     8.593     0.863     0.000     0.000   -16.390       197
 51     0.954     0.000     0.000     0.331     0.291     8.274     0.864     0.000     0.000   -15.845       196
 52     0.954     0.000     0.000     0.318     0.291     7.942     0.866     0.000     0.000   -15.305       196
 53     0.951     0.000     0.000     0.304     0.291     7.597     0.868     0.000     0.000   -14.765       195
 54     0.946     0.000     0.000     0.290     0.291     7.241     0.869     0.000     0.000   -14.234       194
 55     0.937     0.000     0.000     0.275     0.291     6.876     0.864     0.000     0.000   -13.702       194
 56     0.931     0.000     0.000     0.260     0.291     6.505     0.856     0.000     0.000   -13.178       193
 57     0.925     0.000     0.000     0.245     0.291     6.125     0.857     0.000     0.000   -12.669       192
 58     0.916     0.000     0.000     0.229     0.291     5.737     0.858     0.000     0.000   -12.157       191
 59     0.906     0.000     0.000     0.214     0.291     5.341     0.858     0.000     0.000   -11.660       190
 60     0.892     0.000     0.000     0.198     0.291     4.940     0.859     0.000     0.000   -11.171       188
 61     0.876     0.000     0.000     0.181     0.291     4.536     0.861     0.000     0.000   -10.683       187
 62     0.857     0.000     0.000     0.165     0.291     4.133     0.861     0.000     0.000   -10.210       186
 63     0.834     0.000     0.000     0.149     0.291     3.733     0.858     0.000     0.000    -9.739       184
 64     0.808     0.000     0.000     0.134     0.291     3.339     0.850     0.000     0.000    -9.289       183
 65     0.781     0.000     0.000     0.118     0.291     2.956     0.846     0.000     0.000    -8.841       181
 66     0.752     0.000     0.000     0.103     0.291     2.585     0.845     0.000     0.000    -8.405       179
 67     0.718     0.000     0.000     0.089     0.291     2.227     0.841     0.000     0.000    -7.982       177
 68     0.682     0.000     0.000     0.076     0.291     1.889     0.833     0.000     0.000    -7.567       174
 69     0.645     0.000     0.000     0.063     0.291     1.574     0.816     0.000     0.000    -7.160       172
 70     0.605     0.000     0.000     0.051     0.291     1.282     0.802     0.000     0.000    -6.775       169
 71     0.564     0.000     0.000     0.041     0.291     1.019     0.781     0.000     0.000    -6.397       166
 72     0.522     0.000     0.000     0.031     0.291     0.787     0.750     0.000     0.000    -6.042       162
 73     0.482     0.000     0.000     0.024     0.291     0.588     0.716     0.000     0.000    -5.654       158
 74     0.441     0.000     0.000     0.017     0.291     0.421     0.668     0.000     0.000    -5.289       154
 75     0.405     0.000     0.000     0.011     0.291     0.287     0.610     0.000     0.000    -4.891       149
 76     0.372     0.000     0.000     0.007     0.291     0.185     0.537     0.000     0.000    -4.455       143
 77     0.346     0.000     0.000     0.004     0.291     0.111     0.450     0.000     0.000    -3.944       136
 78     0.326     0.000     0.000     0.002     0.291     0.061     0.356     0.000     0.000    -3.331       128
 79     0.311     0.000     0.000     0.001     0.291     0.028     0.263     0.000     0.000    -2.552       118
 80     0.301     0.000     0.000     0.000     0.291     0.009     0.179     0.000     0.000    -1.501       101
--------------------------------------------------------------------

